915
7413
92
5319
2062
8462
7408
8347
0
4234
9388
296
9577
6353
6335
6164
1130
274
7323
935
2281
6361
3287
276
7325
7405
1972
8560
8438
9566
4351
8756
2146
6349
5156
2159
1982
7310
1088
5155
7378
7389
9356
264
4329
270
1096
7412
9549
5141
5140
5143
8745
5030
0
4107
2994
1941
4212
3007
3329
2350
2351
20
3002
7221
11
7223
0
2121
8408
5012
3109
4021
6395
8391
9849
9449
5128
2987
7381
4205
1932
3088
3089
9425
7095
9380
1930
4005
5395
8816
2974
2969
8240
4412
0
3434
4387
9360
9414
326
3079
5404
9410
8229
5052
8231
329
7193
1447
6259
3986
3418
91
7175
2057
5201
3992
5203
3189
0
2051
5215
2049
2054
2000
8180
5210
3981
3980
6079
5190
7281
6248
6075
949
7442
5475
9263
6457
9257
1984
827
6226
9237
7155
5480
3513
9894
7088
5060
2157
0
8147
6440
9246
9241
6032
4067
7149
1853
1531
1855
6417
7249
9216
5107
0
2490
6020
5119
393
4049
2495
6019
8290
5093
499
1512
5897
9329
6407
2028
6026
9341
9340
3984
8102
5097
2023
2875
6413
4045
884
0
6513
881
9271
2012
5074
2861
892
1000
7969
3574
7975
5083
3890
3901
9251
992
5062
7518
4871
1572
3898
8069
987
8071
2441
5526
7160
9307
477
8077
4916
4512
8078
9238
4983
9940
9106
970
1563
9119
7601
7145
3856
0
0
0
836
9095
961
558
0
8187
6933
1877
8051
6472
825
6478
8055
532
4906
8202
8923
2512
9206
8926
7599
9203
4485
8898
700
1863
3958
7113
8199
3628
4941
8157
6563
7576
3025
3902
527
3604
0
8133
4876
6975
0
8022
5904
2508
3613
6949
0
5592
8009
5913
1919
9171
3013
6554
5779
0
9182
9177
1696
2891
5693
3933
0
1600
7673
7993
3928
1707
7994
1610
6004
3911
1686
4969
6543
596
6989
6013
7851
8984
6014
6009
8991
3852
3914
2674
4956
0
766
7638
879
3844
3762
0
7028
6832
7641
3670
3671
5868
3770
9005
0
1783
0
7033
7032
0
7034
8981
724
3759
4790
721
0
8979
1725
5754
2700
1712
8054
9102
4792
731
2698
834
1772
2807
5729
6718
5960
8059
1709
2813
659
7704
0
4830
4776
7924
3714
9202
6980
2912
9078
0
5719
4755
0
8021
7691
6672
9025
5726
8016
0
2909
2773
6899
3728
0
7798
679
3835
2901
5781
2780
0
2721
8001
0
4692
0
1746
3755
5791
5809
9150
0
2755
1594
0
7860
736
2705
5822
7879
4859
7858
1730
0
5775
0
9158
5647
9132
514
4786
1556
6815
6814
5873
7840
4636
0
8885
4820
2696
2598
0
735
5756
9013
637
9091
0
638
0
1536
5788
4773
3794
2811
615
4806
4801
3799
3643
4781
5770
6699
2591
3622
8990
4808
6700
0
8978
8852
5720
2566
2798
6735
7819
6733
3786
4668
7927
7926
6686
9191
0
1589
5706
8836
9192
0
0
5832
7931
7930
0
2684
5687
2686
2758
1616
6820
2757
2661
3596
1560
3598
2657
1911
7915
0
0
8956
0
0
2870
6807
5852
557
0
1547
7903
3641
2641
5672
9867
418
5834
7876
6719
3686
7873
5648
8939
3682
5938
9915
4824
9233
8254
0
8252
4829
5522
8227
8224
6745
2633
2632
411
0
6738
5923
1455
390
5518
1448
2483
2482
5506
5931
5928
7718
8905
4712
5747
3965
7874
7595
9951
3662
2465
5631
1435
2466
9338
6668
5912
7702
4697
2935
620
0
9933
5891
8743
8865
1417
8736
3708
4909
1525
0
8304
945
489
0
7683
9778
4533
3907
1936
6001
9302
4599
5596
9786
7797
0
0
7977
473
5696
6763
6762
9773
9963
0
6545
6737
4879
8707
9285
0
7963
6536
5993
2553
8712
5555
3458
6725
5435
2888
6953
4497
927
5436
4989
4509
1427
424
4553
2046
1472
2652
7949
9741
2516
295
8929
4481
1423
5956
0
7749
300
7751
4494
4950
2639
299
1013
4597
9852
8791
0
3974
1535
3563
6562
8906
284
8904
2510
5505
2967
2964
2965
4082
5516
2359
4582
5513
8023
4084
9349
0
2947
0
8025
265
1999
4092
4093
0
2467
2952
3465
5625
5624
371
5053
962
0
4575
4574
377
9471
8324
5602
5034
6644
2327
8737
4358
6640
1484
3386
2333
9652
2335
5590
9454
3047
1395
4061
8597
1404
7567
8441
4470
2304
3052
7562
4042
8715
5575
6425
0
7431
7667
0
3357
8427
6416
7678
454
6608
2419
2418
7538
8403
7655
17
7649
2424
331
8405
9818
27
3343
7662
2401
176
9524
8413
4381
3115
4383
2414
8814
5408
3116
4378
6453
5099
6080
166
8673
5416
8675
2517
6461
283
5280
0
5393
168
2395
7618
9490
5171
9488
2497
1209
7055
2371
4277
8669
7476
8168
2065
1185
8664
2068
3085
0
8644
8768
0
7481
5071
4260
4450
4146
2236
7136
4249
4150
383
7140
3197
245
244
3336
7470
9630
2208
9691
9690
9669
7444
6415
65
249
1367
8507
1213
4421
6323
5487
1166
9673
8480
3259
1162
3237
5131
3440
3161
7425
6520
7228
2149
9554
212
4279
7438
2177
7207
6499
7434
0
7299
3144
1254
8550
0
8475
218
0
196
0
1193
5449
0
6292
194
9493
147
9495
3257
9702
2296
6491
4266
9650
8564
1264
7534
7174
5304
8692
0
0
60
4255
9657
6473
6167
5172
9474
5293
9484
6327
5185
9638
3263
3323
8546
9589
243
4152
0
7294
6383
8555
5266
6309
251
9599
0
8529
2240
9595
0
2253
227
9624
225
5310
231
2196
0
0
1068
2103
6
5134
2231
6291
0
2109
1227
4272
3321
5361
7328
2220
2106
4309
6276
9567
9713
5246
4119
6275
0
3125
5275
2095
1030
5238
239
1340
7314
226
9548
5359
6390
3129
3128
1228
2301
6397
9707
5335
0
8361
3104
5331
1325
0
9404
87
86
5337
4144
7307
7306