845
2359
1974
1540
1541
9156
9237
2979
2980
8853
9547
8855
2984
9857
9858
9859
9167
6810
3990
4378
5379
2686
0
6123
6124
562
7513
7820
7208
7209
4002
2568
9876
3698
1571
7135
2880
7524
9189
5704
8140
8141
0
4708
453
148
6405
9584
7148
2893
1587
2282
2589
6412
463
1158
772
5029
9595
5031
5419
0
0
166
6423
3909
9089
7860
8784
5734
9093
8480
7431
7866
3918
1919
7435
6436
9101
8179
3924
7053
1185
9492
2187
3316
5317
8187
804
2933
9113
3935
2195
2937
1503
8067
3633
9813
4329
6764
6459
3204
511
0
2820
7770
5337
8823
2824
7774
6341
4955
1521
88
6779
9831
7475
2526
399
8091
4657
3965
8710
8404
7789
3534
2535
7792
2231
6360
2233
9412
9027
4236
109
8107
8417
7802
1854
1420
3243
6678
117
118
5681
4989
1427
3250
6685
9430
7381
5254
127
9434
7691
8743
4565
4
4874
440
6004
0
7393
2444
6701
12
1141
7011
7012
7013
3886
0
8325
5889
6277
6278
6713
765
8022
4282
27
5590
2157
5899
5900
5594
8646
1468
7419
5292
3165
3472
9780
8346
5603
42
3784
3785
5914
7736
3481
3789
2483
7740
4920
52
7743
8360
5617
3490
7313
3799
2059
9366
367
7318
3497
4192
6934
7628
680
8988
2375
1990
9377
2378
2379
6943
4816
5510
1077
7640
3513
6208
3515
2002
3083
697
1391
3086
6649
7650
0
5218
3091
270
271
4528
4836
6530
2710
3018
5840
3020
2021
1715
1281
282
2025
7975
3413
5849
9287
1723
8596
290
1291
4855
4856
6550
0
6859
2732
912
6862
2735
2736
9302
3125
6560
4047
1306
1921
3050
4131
4132
2311
2312
4135
9928
7571
5879
2317
7574
3061
8192
3063
8629
937
5066
4760
5761
7583
2635
5151
2330
7281
0
1947
4156
4770
6464
1644
2645
8953
2340
5776
6470
4778
7907
6167
4474
9654
7604
7171
2657
837
7915
6788
8226
8841
5484
8229
844
4681
2000
317
9466
5320
3227
7954
9006
8644
992
3230
3217
311
7598
5489
8637
7587
3394
9638
8986
4495
8814
4481
0
0
119
4075
4484
5296
0
3202
0
3065
111
4651
9609
6920
3382
9610
4070
9425
9615
9614
8426
9600
6740
0
6552
6729
2191
94
4050
5463
8595
9769
256
1945
6136
1086
7361
2168
1075
74
8589
8401
9400
3174
9402
8405
0
7719
5261
755
5263
3027
3340
0
7534
4425
0
1747
9575
62
1049
9751
750
3023
1926
1913
9738
0
8378
7328
6108
6111
5110
8556
3826
1907
8732
5224
908
2305
5229
9548
1896
5405
2121
1024
1726
1026
2808
5220
8543
3126
2113
2989
0
8183
7309
2803
9535
0
3105
7296
710
6663
4376
2969
7474
5067
7476
3096
2972
0
0
1516
8519
0
7154
1504
694
3090
5062
1683
2952
4190
2780
8149
0
2959
2085
500
8136
5043
4169
0
9190
4857
8318
8305
7271
6445
7130
6256
6259
0
485
8484
8296
8123
9473
8125
8475
5841
4840
651
2063
4845
8465
3560
0
3737
8118
4148
1642
645
3740
1456
5139
2919
822
9147
8096
3733
9961
4831
638
5130
6006
8452
2551
5821
8266
4120
1630
0
0
4811
9959
621
5986
0
4988
8087
437
4977
7215
9950
4978
7077
252
791
0
3873
0
6206
8242
607
2876
2879
8246
7057
8935
3693
8234
6184
1411
4777
0
9225
8224
8227
5780
5957
5595
231
9088
9217
3503
5773
218
8045
220
7047
5589
9908
7175
5765
4577
3845
8899
4753
214
6851
2296
2486
5930
6855
6854
4935
7030
193
7842
195
556
9709
9708
2295
373
0
8887
0
5553
4917
1550
4919
1536
0
8000
2637
3636
9693
2276
1354
0
1356
4551
4725
0
7632
8859
6999
7998
5540
1351
7987
9849
4719
7814
5359
9024
0
2248
9029
0
6981
6619
3255
333
5524
8847
6622
0
9661
6972
5343
6784
6787
8839
139
6601
2408
2032
1003
9239
3334
7379
0
7341
0
6704
1324
0
9072
2147
9704
0
2985
0
1987
0
0
7537
5504
3347
3164
3167
6358
5535
2798
6684
0
0
0
0
9054
0
9837
0
6679
8838
0
6672
0
0
0
0
0
2958
3778
0
5635
7511
981
0
983
9854
1282
2135
102
8850
5502
99
0
7317
0
5493
9022
0
0
0
4456
0
9012
928
931
7273
7272
3745
3082
0
9642
8824
3078
0
6296
4628
6143
283
2913
4469
6139
2097
0
761
9450
763
0
3725
0
0
5093
0
0
0
7244
0
1748
0
0
2892
0
0
0
920
9763
3553
9456
705
2887
37
2881
39
0
6257
0
1908
7920
7102
0
2904
0
5431
7093
0
7880
870
2532
55
0
9583
0
0
0
0
4204
6239
0
0
5870
6235
10
8389
0
0
8043
0
845
3547
2546
0
8412
4223
4222
7217
3662
0
8552
5213
1833
0
0
3866
8400
2499
5872
0
0
8367
0
6871
6870
7865
6864
2517
3305
1637
486
5161
6192
9561
9354
4189
1841
0
1843
0
7184
8028
3506
3326
3321
3320
1652
0
0
6841
7808
8333
0
1792
0
0
4136
3641
0
0
0
0
7979
449
0
7972
4975
0
0
6000
0
9527
0
1625
2592
5819
9340
3589
2291
770
0
5956
3287
7779
0
0
0
0
0
0
0
0
3241
0
9500
0
9502
7793
0
2413
0
0
2414
0
5790
3443
1410
2405
2404
8453
2588
2401
558
553
0
6621
4588
7773
7955
0
550
9299
8928
0
8930
7400
0
0
2237
0
0
1381
1233
1232
4044
5759
4600
0
1199
0
0
525
3068
5593
400
403
402
4035
9268
8239
3060
8233
9902
6587
0
0
4706
6368
7371
5703
7734
4049
3386
0
1201
2351
9916
6695
0
0
3008
5358
9057
4005
0
6719
0
5348
0