811
376
1377
5576
5577
6534
6605
1382
2405
0
7651
9386
7675
0
7034
6614
327
6704
4585
9394
5681
0
1397
7622
9469
0
5529
9402
339
4646
8794
2428
3503
9344
9345
4560
0
0
0
0
9421
5608
417
0
1355
4548
5954
5644
0
1360
8425
4664
427
7718
7741
2462
6645
3464
433
4650
9371
0
7685
3470
0
4656
9806
885
5729
0
3477
0
9447
384
4665
2546
7699
6764
4669
6604
2551
8392
3886
0
6771
396
0
4614
6775
9464
862
2498
6779
0
3479
4321
5687
4624
1571
1410
4627
1412
4719
2598
6717
480
1491
7794
1892
6732
1421
0
5352
7800
5641
3853
5643
9428
3567
2452
9431
3616
8497
8498
0
3620
7749
7750
8503
0
8505
6818
8465
4724
6821
4726
4152
448
9587
6826
8451
1516
6829
8454
0
9594
8547
0
6835
460
0
8462
8549
5818
553
1560
3587
7844
1533
6353
3629
560
3547
1474
2884
2883
527
0
8479
5770
2595
7858
2667
5700
9485
3606
5703
3586
1489
0
8555
0
8557
0
2517
0
611
522
1587
1500
5146
5718
4783
2618
9643
9570
0
0
9573
5860
0
7824
9651
9578
7865
2636
5797
0
2639
3704
0
0
5803
1251
4741
1620
0
9592
0
1554
2651
4748
2653
6910
4751
7912
7913
6850
1563
0
9541
0
1567
632
8609
8610
8611
0
1711
5225
597
4832
3673
578
2739
2740
3677
3678
7909
6872
8625
6874
0
0
1727
2750
0
9632
0
0
5787
9710
5789
4812
599
6247
0
6245
8579
2700
9645
3676
8583
1682
0
674
7873
676
1613
2710
9655
4808
0
0
6971
3716
9661
686
2719
1624
6907
4818
4905
0
0
6908
6919
0
9609
698
657
0
0
0
3773
7992
1030
2728
4921
1708
6933
1710
647
2738
2809
2810
7939
3812
98
9788
4911
7008
7945
3818
7011
660
1725
7014
7951
5920
3825
9389
5993
668
4887
8646
8757
8736
2699
8650
3835
8740
0
3089
0
8656
5937
9752
9723
8748
3781
4878
2783
9826
8753
0
9667
8044
4975
5956
5957
8048
9835
4890
8721
8764
2791
766
0
4960
0
0
6995
0
9685
5902
7568
6930
0
8002
8715
6643
4973
0
8416
3794
721
8010
8723
3884
6634
7553
4408
3888
5985
4944
8731
5988
9450
7086
0
3874
8801
0
9739
0
2837
8828
0
0
6001
4938
769
387
8813
4942
0
816
510
4946
8252
8251
506
1758
3855
4952
2921
1826
8025
828
2925
830
4959
9832
2929
9834
3867
1836
7061
0
2935
5968
9841
2938
3849
8870
0
6449
3943
784
0
8112
9857
8788
3490
8078
791
0
8793
5050
0
0
0
7076
5055
7082
2897
8090
0
8868
4997
3966
3967
0
7091
3906
8875
0
8877
9814
0
842
2977
3914
0
2980
8087
844
0
888
0
0
8891
8307
855
0
0
7120
3929
7122
835
3910
0
0
861
6032
0
293
0
8844
0
1910
6039
0
8849
4010
937
5459
4013
0
6047
4016
1857
2954
8185
6116
9861
5164
4784
0
1865
5058
2963
5086
0
8132
0
3968
2358
5066
5067
1876
0
1878
0
1880
8945
381
905
2910
5127
6142
3047
0
1294
2024
6468
0
0
3054
3991
896
0
6162
8899
3060
6093
7230
0
6096
2995
4066
3067
4140
7173
7212
2320
912
7494
4146
0
4076
8917
4078
6111
9647
0
0
5772
4156
0
0
1927
5160
7193
1381
9636
5238
4101
4094
2957
6264
9001
0
9003
0
967
0
9943
1944
4113
5178
0
0
6213
0
0
6216
7281
5122
9019
9020
0
980
7287
687
0
0
6153
5132
6159
0
8989
4042
1083
5138
0
2108
3109
8974
0
976
0
7242
6892
8667
0
982
3069
5216
0
8986
7251
0
2061
4060
3013
32
6321
0
0
3132
5229
4188
4167
9064
4169
6869
0
6262
6333
8641
0
9072
0
0
3083
2012
6271
0
5680
2152
57
3128
4628
7348
0
0
2720
6288
0
0
5668
6292
5666
6294
744
5200
1073
7336
0
1787
13
4270
4271
5208
0
9042
19
9523
3181
0
0
2695
0
9050
3187
3188
9053
2052
5287
0
5289
7296
2131
3196
4714
5364
6317
1040
3137
1757
6395
5374
0
0
1047
112
3145
3146
2211
0
4335
6332
1055
1194
5249
5250
2219
0
4253
7414
7415
0
3161
1130
4323
7420
6357
0
0
72
4291
4288
0
5268
4333
4334
544
2767
0
6765
1147
2763
175
5412
6439
88
89
1090
9201
182
4311
3254
2191
6378
5427
3232
2195
0
0
1172
6744
3200
4297
3202
0
1108
0
5366
9199
4304
2273
6733
5371
5019
7778
1118
1119
2280
0
629
9211
0
189
0
0
4384
0
6418
9155
5324
9183
9537
0
7424
4393
138
612
6428
0
5334
7431
0
3305
4360
7084
0
4405
9174
7477
7482
0
154
6507
4412
7445
7446
159
224
8846
4354
7451
3603
1634
230
0
4450
0
0
5497
4454
2269
8238
5501
2202
1177
0
5435
3318
8207
4374
7535
0
2275
1250
4379
8214
253
7542
0
9863
8193
3290
4451
3270
3271
1262
8199
0
5393
3362
1267
1268
9343
1340
6495
0
7150
2296
8211
0
8213
5406
0
5472
9217
0
4475
1220
3295
4478
0
8288
1225
3669
3387
9228
319
0
8295
9232
0
1234
5948
5492
0
302
4431
1240
3337
9242
7595
8270
1245
4438
3343
0
9934
9314
1385
3348
8317
8318
8319
4879
0
4514
7611
2420
2421
8745
4519
0
3339
0
7555
8268
5535
7558
4485
1336
1337
2370
5467
7606
1341
0
7567
8280
1281
1282
2028
0
5541
286
1287
352
9363
6642
1361
6644
9293
4486
9295
9296
3393
3432
363
9374
6583
7654
325
7656
0
8370
0
2468
1309
8374
0